0 20
0 56
0 116
0 127
0 200
0 332
1 21
1 111
1 169
1 175
1 245
1 310
2 35
2 50
2 51
2 62
2 121
2 128
2 131
2 157
2 171
2 245
2 294
2 305
2 343
2 344
3 49
3 64
3 102
3 141
3 173
3 176
3 195
3 202
3 225
3 257
3 307
4 9
4 34
4 90
4 98
4 121
4 124
4 137
4 168
4 200
4 241
4 284
4 330
5 27
5 32
5 110
5 162
5 253
6 17
6 62
6 83
6 163
6 213
6 228
6 234
6 257
6 289
7 12
7 32
7 40
7 49
7 73
7 134
7 139
7 153
7 179
7 198
7 214
7 237
7 282
7 318
7 322
8 41
8 42
8 54
8 65
8 79
8 111
8 136
8 206
8 224
8 236
8 270
8 292
8 317
9 16
9 66
9 69
9 88
9 102
9 127
9 197
9 230
9 238
9 266
9 294
9 304
9 305
9 330
9 336
10 46
10 65
10 101
10 105
10 151
10 178
10 213
10 260
10 294
10 315
10 333
11 63
11 65
11 78
11 82
11 137
11 171
11 232
11 247
11 251
11 288
11 290
12 17
12 41
12 47
12 52
12 57
12 127
12 146
12 193
12 218
12 254
12 328
13 70
13 157
13 291
13 317
14 20
14 44
14 50
14 111
14 138
14 191
14 206
14 213
14 252
14 305
14 328
14 341
15 16
15 33
15 62
15 64
15 65
15 80
15 84
15 88
15 99
15 119
15 123
15 216
15 267
15 286
15 346
16 18
16 36
16 110
16 184
16 189
16 233
16 256
16 329
16 349
17 32
17 47
17 50
17 75
17 140
17 217
17 237
17 239
17 264
17 311
17 335
17 342
18 52
18 109
18 175
18 179
18 190
18 224
18 226
18 244
18 301
18 316
18 319
19 52
19 69
19 183
19 257
19 344
19 345
20 21
20 88
20 130
20 171
20 175
20 202
20 203
21 37
21 67
21 91
21 109
21 155
21 172
21 221
21 231
21 253
21 282
21 284
21 321
22 59
22 88
22 102
22 137
22 228
22 292
22 313
22 328
23 104
23 110
23 153
23 209
23 254
23 328
24 26
24 141
24 153
24 237
24 251
24 288
24 294
24 303
24 308
24 317
25 65
25 121
25 135
25 147
25 157
25 187
25 198
25 211
25 252
25 278
25 323
25 332
26 53
26 88
26 91
26 94
26 116
26 130
26 199
26 225
26 229
26 232
26 260
26 274
26 297
27 67
27 121
27 139
27 151
27 209
27 223
27 280
27 301
28 42
28 58
28 120
28 150
28 181
28 184
28 213
28 261
28 266
28 287
28 292
28 297
29 84
29 86
29 156
29 170
29 177
29 179
29 183
29 188
29 215
29 223
29 242
29 310
30 72
30 79
30 158
30 164
30 257
30 287
30 297
30 304
31 120
31 177
31 199
31 201
31 212
31 217
31 229
31 261
31 309
32 156
32 169
32 186
32 196
32 209
32 225
32 253
32 273
32 278
32 298
33 66
33 88
33 92
33 109
33 122
33 136
33 167
33 249
33 274
33 286
33 292
33 303
33 309
33 325
33 345
34 94
34 112
34 116
34 121
34 155
34 157
34 161
34 195
34 222
34 235
35 62
35 109
35 129
35 228
35 231
35 254
35 260
35 266
35 320
35 321
36 84
36 92
36 98
36 111
36 118
36 141
36 287
36 289
36 332
37 81
37 127
37 161
37 164
37 194
37 209
37 215
37 235
37 254
37 257
37 313
37 315
38 80
38 102
38 107
38 151
38 183
38 189
38 242
38 338
39 40
39 82
39 90
39 106
39 140
39 155
39 158
39 191
39 207
39 224
39 283
39 327
40 78
40 85
40 93
40 111
40 156
40 196
40 214
40 236
40 244
40 254
40 294
40 297
40 302
41 53
41 85
41 106
41 167
41 259
41 263
41 283
41 315
41 342
42 55
42 102
42 149
42 167
42 184
42 273
42 280
43 121
43 130
43 178
43 225
43 256
43 268
43 310
43 325
43 328
44 64
44 165
44 172
44 195
44 236
44 237
44 238
44 295
44 301
45 105
45 125
45 164
45 175
45 176
45 197
45 207
45 256
45 262
45 331
45 349
46 77
46 137
46 163
46 199
46 213
46 251
46 263
46 273
46 281
46 321
46 338
47 69
47 88
47 158
47 238
47 250
47 268
47 281
47 285
47 299
47 302
48 53
48 59
48 154
48 295
48 303
48 308
49 75
49 123
49 128
49 130
49 152
49 159
49 181
49 185
49 198
49 227
49 323
50 95
50 99
50 129
50 142
50 209
50 240
50 252
50 292
50 317
51 72
51 105
51 112
51 114
51 124
51 125
51 178
51 205
51 311
51 315
51 326
52 74
52 101
52 103
52 111
52 118
52 123
52 171
52 224
52 262
52 295
52 322
52 326
52 348
53 54
53 70
53 123
53 131
53 147
53 164
53 172
53 222
53 300
53 301
53 349
54 70
54 184
54 214
54 229
54 244
54 266
54 310
54 331
55 173
55 198
55 214
55 232
55 244
55 331
55 346
56 69
56 73
56 88
56 116
56 167
56 189
56 206
56 226
56 236
56 309
56 340
56 346
57 105
57 122
57 123
57 142
57 144
57 149
57 155
57 189
57 265
57 307
57 315
58 69
58 85
58 213
58 222
58 272
58 288
58 309
58 348
59 78
59 90
59 143
59 153
59 167
59 178
59 180
59 205
59 209
59 229
59 310
59 318
60 66
60 161
60 186
60 200
60 206
61 151
61 266
61 280
61 312
61 316
61 327
61 336
62 80
62 131
62 168
62 181
62 190
62 194
62 239
62 291
62 347
63 89
63 131
63 193
63 229
63 247
64 69
64 76
64 88
64 91
64 107
64 176
64 217
64 230
64 243
64 268
64 271
64 307
64 325
64 330
65 76
65 186
65 194
65 196
65 226
65 237
65 245
65 252
65 253
65 283
65 291
65 345
66 123
66 161
66 251
66 303
66 313
66 335
67 191
67 244
67 260
67 270
68 136
68 165
68 204
68 226
68 266
69 109
69 156
69 165
69 184
69 195
69 278
69 322
69 344
70 175
70 197
70 214
70 220
70 224
70 245
70 296
71 77
71 99
71 140
71 142
71 242
71 273
72 73
72 87
72 95
72 102
72 108
72 113
72 148
72 208
72 305
72 309
72 327
72 337
72 342
72 349
73 125
73 151
73 214
73 241
73 264
73 292
73 344
74 75
74 107
74 117
74 136
74 190
74 195
74 307
74 326
74 332
74 335
74 340
74 343
74 347
75 105
75 145
75 146
75 170
75 171
75 172
75 184
75 209
75 242
75 252
75 348
76 77
76 104
76 126
76 194
76 201
76 228
76 304
76 313
77 101
77 105
77 120
77 137
77 183
77 233
77 237
77 261
77 299
77 316
77 343
78 82
78 83
78 126
78 211
78 217
78 235
78 265
78 292
78 295
79 105
79 195
79 204
79 235
79 256
79 299
80 136
80 324
80 341
81 175
81 249
81 325
82 95
82 109
82 155
82 229
82 242
82 252
82 260
82 284
82 322
83 96
83 110
83 115
83 140
83 142
83 169
83 189
83 301
83 321
83 345
84 103
84 132
84 276
84 278
84 287
85 133
85 183
85 213
85 227
85 241
85 263
85 349
86 87
86 112
86 158
86 188
86 251
86 302
87 117
87 136
87 177
87 213
87 257
87 274
87 278
87 347
87 348
88 134
88 139
88 159
88 270
88 282
88 303
89 102
89 201
89 306
89 319
89 327
90 147
90 325
90 344
91 100
91 188
91 200
91 208
91 239
91 269
92 100
92 106
92 241
92 253
92 309
92 319
92 340
93 124
93 172
93 200
93 232
93 245
93 301
93 302
93 304
93 313
93 315
93 336
94 95
94 115
94 128
94 172
94 195
94 208
94 236
94 280
94 281
94 292
94 324
95 96
95 141
95 194
95 218
95 234
95 317
96 111
96 193
96 207
96 238
96 269
96 272
96 345
96 347
97 128
97 176
97 195
97 237
97 262
97 270
97 278
97 282
97 291
97 297
97 298
97 305
98 131
98 149
98 152
98 235
98 300
98 320
99 263
99 283
100 143
100 167
100 226
100 295
101 186
101 187
101 212
101 229
101 332
102 113
102 121
102 137
102 166
102 174
102 185
102 307
102 311
102 319
102 338
103 123
103 210
103 264
103 309
104 228
104 244
104 252
104 265
104 284
104 306
104 323
104 326
104 331
105 163
105 185
105 256
105 297
105 298
105 306
105 324
106 111
106 125
106 149
106 163
106 188
106 194
106 240
106 301
106 344
107 123
107 130
107 154
107 257
107 284
107 292
107 312
108 257
108 280
108 299
108 303
108 333
108 349
109 151
109 197
109 230
109 255
109 282
110 118
110 165
110 194
110 201
110 280
110 329
111 114
111 126
111 193
111 205
111 233
111 314
111 329
112 133
112 316
113 184
113 221
113 348
114 128
114 149
114 220
114 224
115 157
115 224
115 247
115 296
115 329
115 331
116 173
116 205
117 169
117 172
117 200
117 232
117 299
117 309
117 317
117 322
117 326
118 167
118 196
118 235
118 250
118 251
118 275
118 318
118 335
119 125
119 206
119 211
119 217
119 283
119 325
119 332
120 168
120 176
120 180
120 230
120 325
121 192
121 239
121 260
121 264
121 299
121 305
122 151
122 216
122 320
122 326
122 338
122 342
123 210
123 220
123 224
123 230
123 326
123 339
124 125
124 173
124 214
124 220
124 225
124 249
124 324
125 128
125 137
125 139
125 177
125 230
125 266
125 298
125 330
125 343
126 157
126 171
126 202
126 207
126 222
126 226
126 249
126 330
126 334
127 155
127 202
127 213
127 220
127 240
127 241
127 266
127 307
127 326
128 147
128 156
128 224
128 232
128 259
128 286
128 331
129 135
129 141
129 167
129 268
129 331
130 144
130 157
130 235
130 269
130 306
130 328
130 338
130 339
130 341
131 153
131 178
131 181
131 208
131 227
131 283
131 299
131 308
131 328
131 340
132 150
132 172
132 207
132 211
132 278
132 305
132 315
133 187
133 215
133 223
133 249
133 281
133 301
133 334
133 348
134 152
134 205
134 226
135 166
135 177
135 184
135 213
135 236
135 305
135 335
135 346
136 182
136 214
136 258
136 278
136 286
136 293
137 167
137 220
137 281
137 289
137 292
137 310
138 150
138 205
138 345
139 183
139 190
139 199
139 239
140 194
140 203
140 230
140 309
140 320
140 348
141 170
141 172
141 190
141 192
141 247
141 249
141 296
141 344
142 146
142 170
142 250
142 256
142 279
142 286
142 301
143 183
143 204
143 261
143 268
143 269
143 330
144 156
144 159
144 175
144 226
144 241
144 267
145 214
145 242
145 300
145 344
146 168
146 180
146 236
146 268
146 297
146 327
146 329
146 344
147 190
147 239
147 271
147 293
147 335
147 343
148 176
148 185
148 223
148 267
148 302
148 317
149 152
149 187
149 273
149 278
149 303
149 312
149 332
150 162
150 168
150 210
150 296
150 336
150 344
151 168
151 238
151 254
152 242
152 258
152 262
152 298
152 311
152 315
152 343
152 346
153 155
153 160
153 175
153 188
153 226
153 304
154 185
154 243
154 244
154 308
155 187
155 200
155 217
155 229
155 267
155 268
155 298
155 338
155 347
156 228
156 240
156 244
156 270
156 324
156 330
156 345
157 203
157 214
157 233
157 245
157 320
158 169
158 180
158 211
158 284
158 289
159 160
159 165
159 205
159 231
159 331
159 336
159 342
160 201
160 223
160 254
160 328
161 186
161 207
161 226
161 283
161 286
161 321
161 329
162 197
162 249
162 281
162 285
162 328
162 331
162 333
162 349
163 178
163 234
163 239
163 317
164 165
164 167
164 174
164 210
164 267
164 269
164 280
164 285
164 299
164 335
165 169
165 209
165 260
165 275
165 313
165 329
166 250
166 292
166 323
166 336
167 203
167 220
168 225
168 258
169 172
169 222
169 297
169 299
169 311
169 313
169 326
169 329
169 345
170 240
170 347
171 172
171 193
171 242
171 251
172 200
172 241
172 247
172 261
172 279
172 301
172 314
172 344
173 195
173 246
173 273
173 280
173 322
173 346
174 178
174 185
174 190
174 264
174 338
175 203
175 211
175 230
175 258
175 267
175 277
175 290
176 194
176 197
176 246
176 259
176 262
176 288
176 325
178 202
178 205
178 233
178 278
178 331
179 224
179 252
179 294
179 299
179 349
180 194
180 230
180 239
180 242
180 249
180 254
180 261
180 280
180 292
180 349
181 237
181 285
182 255
182 278
183 209
183 334
184 205
184 223
184 277
185 189
185 194
185 237
185 243
186 262
186 269
186 312
186 336
187 202
187 240
187 241
187 252
187 271
187 272
187 273
187 275
187 326
187 342
188 218
188 251
188 262
188 272
188 315
188 324
188 349
189 195
189 204
189 207
189 214
189 228
189 319
189 328
190 216
190 257
190 327
191 206
191 273
191 283
191 302
191 311
192 254
192 283
192 300
192 311
192 320
193 256
193 259
193 287
193 323
193 338
194 212
194 222
194 246
194 284
194 294
194 312
194 345
195 230
195 242
195 262
195 301
195 320
196 202
196 277
196 284
196 289
196 290
196 294
196 313
196 336
197 275
197 277
197 290
197 303
197 345
198 286
198 289
198 295
198 307
198 321
199 244
199 255
199 265
199 317
200 287
200 294
200 349
201 210
201 220
201 232
201 250
201 260
201 267
201 310
202 204
202 283
202 293
202 309
202 314
202 331
202 332
202 334
203 206
203 236
203 316
204 268
204 277
204 278
204 293
204 308
205 243
205 327
205 337
205 341
206 222
206 236
206 279
207 257
207 265
207 280
207 286
207 289
207 317
207 324
207 329
208 255
208 256
208 258
208 268
208 281
208 306
208 320
208 335
209 225
209 246
209 275
209 333
210 213
211 216
211 279
211 290
211 338
212 259
212 266
212 281
212 282
212 323
213 224
213 251
213 276
213 333
213 346
214 234
214 316
215 232
215 266
215 269
215 272
215 344
216 228
217 224
217 225
217 263
217 304
218 227
218 245
218 247
218 251
218 274
218 325
218 330
218 347
219 235
219 284
219 326
220 280
220 301
220 313
220 337
221 240
221 255
221 268
221 280
221 315
221 318
222 252
222 318
222 329
222 348
223 262
223 288
223 289
223 296
223 300
223 348
224 259
224 276
224 298
224 316
225 246
225 258
225 276
225 302
226 245
226 299
227 268
227 273
227 276
227 289
227 316
227 322
227 324
227 326
228 287
228 327
229 236
229 260
229 272
230 248
230 323
230 337
230 349
231 256
231 263
231 302
232 270
232 293
232 334
232 336
233 237
233 243
233 255
233 319
233 333
234 297
234 315
235 243
235 324
235 337
235 345
236 237
236 244
236 284
236 296
236 303
237 260
237 272
237 291
237 299
238 288
238 335
238 341
239 345
240 263
240 269
240 282
240 324
241 271
241 320
241 342
242 267
242 292
242 302
242 312
242 320
242 323
242 326
242 332
243 266
243 293
244 258
244 317
245 277
245 278
245 314
245 329
245 339
246 248
246 251
246 321
246 325
246 332
247 288
247 321
247 348
248 254
248 273
248 280
248 288
248 312
249 284
249 294
249 312
249 345
250 278
250 306
252 263
252 269
252 311
253 274
253 303
253 331
253 336
254 280
254 310
254 316
255 288
255 328
256 284
256 292
256 312
256 344
257 272
258 265
258 271
258 310
259 298
260 274
260 309
260 313
260 321
260 330
260 338
262 263
262 280
262 281
262 297
262 307
262 317
262 349
263 278
263 289
263 332
264 278
264 333
264 349
266 277
266 340
267 300
267 319
267 320
267 339
267 346
268 286
268 338
269 290
270 279
270 287
271 294
271 337
271 339
272 325
272 343
272 347
274 308
274 345
276 286
276 300
276 303
277 347
278 305
278 306
278 329
279 283
279 319
279 320
279 326
279 332
281 314
281 316
281 342
282 308
282 328
282 346
283 324
283 332
283 342
285 307
285 336
285 349
286 298
287 297
287 303
287 323
288 339
289 320
290 294
292 318
292 328
293 301
293 306
293 326
293 335
293 348
294 309
294 313
296 310
296 311
297 311
297 349
298 302
298 309
298 341
300 307
300 320
300 345
301 306
301 322
302 329
303 320
305 346
305 347
306 310
306 319
307 330
307 339
311 321
311 338
311 345
312 333
316 340
317 323
320 348
322 326
322 329
324 331
324 335
325 344
329 337
334 337
