0 1
0 3
0 46
0 276
1 2
1 3
1 4
1 46
1 186
1 276
1 290
2 3
2 46
2 186
2 190
3 4
3 46
3 186
3 276
3 290
4 46
4 188
4 276
5 6
5 48
5 267
5 268
5 269
6 47
6 48
6 259
6 262
6 265
6 266
6 268
6 269
6 290
7 145
7 146
7 148
7 151
7 152
7 257
7 259
8 147
8 151
8 156
8 259
8 268
8 327
9 10
9 11
9 12
9 13
9 273
9 275
9 290
10 12
10 13
10 189
10 190
10 191
10 273
10 275
10 276
10 287
10 289
10 290
10 291
10 327
11 12
11 165
11 166
11 170
11 275
12 166
12 170
12 273
12 275
12 290
13 46
13 186
13 187
13 189
13 190
13 191
13 259
13 273
13 275
13 276
13 287
13 289
13 290
13 291
13 327
14 15
14 17
14 71
14 74
14 75
14 78
14 158
14 162
14 194
14 210
14 275
14 280
14 290
14 327
15 17
15 30
15 31
15 41
15 157
15 158
15 159
15 160
15 162
15 163
15 182
15 236
15 259
15 275
15 280
15 281
15 283
15 286
15 290
15 297
15 301
15 302
15 307
15 309
15 317
15 318
15 320
15 327
16 169
17 22
17 30
17 41
17 47
17 54
17 71
17 75
17 158
17 165
17 166
17 169
17 182
17 192
17 194
17 195
17 196
17 197
17 198
17 259
17 275
17 280
17 281
17 284
17 287
17 290
17 295
17 297
17 299
17 300
17 301
17 302
17 307
17 314
17 317
17 318
17 324
17 327
18 22
18 49
18 112
18 248
18 250
18 280
18 341
18 346
18 348
19 49
19 213
19 214
19 280
19 286
20 47
20 212
20 214
20 215
20 259
20 280
21 22
21 23
21 24
21 25
21 50
21 52
21 200
21 204
21 314
21 324
21 327
21 341
22 23
22 24
22 25
22 29
22 37
22 42
22 44
22 50
22 52
22 60
22 80
22 84
22 110
22 113
22 114
22 200
22 204
22 205
22 206
22 207
22 259
22 275
22 280
22 281
22 290
22 295
22 299
22 301
22 304
22 305
22 306
22 311
22 314
22 315
22 319
22 320
22 322
22 324
22 327
22 337
22 341
22 346
22 347
23 24
23 25
23 50
23 52
23 204
23 205
23 341
24 25
24 50
24 52
24 113
24 114
24 341
24 346
24 347
25 26
25 50
25 52
25 79
25 80
25 82
25 83
25 84
25 86
25 207
25 280
25 327
25 341
26 50
26 79
26 80
26 83
26 84
26 280
27 28
27 42
27 43
27 44
27 50
27 52
27 87
27 88
27 89
27 90
27 91
27 123
27 327
28 44
28 87
28 88
28 89
28 90
28 123
29 36
29 37
29 52
29 111
29 202
30 62
30 63
30 168
30 169
30 180
30 280
31 41
31 53
31 54
31 128
31 130
31 182
31 253
31 280
31 295
31 297
31 307
32 33
32 98
32 101
32 102
32 107
32 294
32 308
32 318
33 98
33 101
33 102
33 108
33 294
33 308
33 317
33 318
33 323
34 133
34 134
34 135
34 137
34 138
34 141
34 142
34 143
34 296
34 298
34 300
34 303
34 315
34 320
35 37
35 38
35 39
35 40
35 121
35 124
35 231
36 37
36 40
36 52
36 116
36 201
36 202
37 38
37 39
37 40
37 52
37 116
37 200
37 201
37 280
37 327
38 39
38 58
38 59
38 280
38 301
38 309
38 310
39 40
39 58
39 59
39 229
39 231
39 301
39 309
39 310
39 324
39 327
40 116
40 121
40 201
41 53
41 54
41 56
41 180
41 182
41 183
41 184
41 280
41 327
42 43
42 44
42 50
42 93
42 95
42 97
42 200
42 240
42 241
42 242
42 244
42 245
42 246
42 259
42 290
42 295
42 298
42 299
42 300
42 301
42 302
42 303
42 304
42 306
42 311
42 313
42 314
42 315
42 319
42 320
42 322
42 324
42 327
43 44
43 45
43 52
43 117
43 118
43 119
43 120
43 122
43 126
43 241
43 242
43 300
43 327
44 45
44 50
44 52
44 116
44 118
44 119
44 120
44 123
44 125
44 126
44 280
44 300
44 327
46 55
46 188
46 259
46 275
46 276
46 277
46 278
46 279
46 290
46 292
46 327
47 48
47 49
47 76
47 212
47 215
47 259
47 262
47 263
47 264
47 265
47 268
47 275
47 280
47 290
47 327
48 49
48 259
48 262
48 263
48 265
48 268
48 270
48 271
48 275
48 280
48 290
48 327
48 329
48 330
48 331
48 332
48 333
49 212
49 213
49 214
49 248
49 252
49 259
49 268
49 280
49 282
49 286
49 327
49 333
49 348
50 52
50 79
50 80
50 81
50 82
50 83
50 84
50 85
50 86
50 206
50 207
50 280
50 327
50 341
51 293
52 80
52 88
52 89
52 91
52 111
52 114
52 116
52 123
52 124
52 125
52 126
52 200
52 202
52 204
52 206
52 280
52 324
52 327
52 341
53 54
53 63
53 180
53 182
53 280
54 56
54 63
54 64
54 128
54 130
54 132
54 182
54 253
54 254
54 256
54 295
55 276
55 277
55 278
55 279
55 290
55 292
55 327
56 57
56 59
56 128
56 183
56 199
56 200
56 201
56 307
56 309
57 58
57 59
57 128
57 131
57 309
58 59
58 301
58 309
59 201
59 280
59 301
59 309
60 61
60 63
60 64
60 176
60 200
60 218
60 221
60 259
60 280
60 290
60 295
60 299
60 311
60 314
60 320
60 322
60 324
60 325
60 327
61 62
61 63
61 64
61 174
61 218
62 63
62 168
62 174
63 64
63 130
63 180
64 109
64 130
64 218
64 221
65 67
65 68
65 69
65 327
66 70
67 69
67 276
67 327
69 327
70 149
70 327
71 72
71 74
71 75
71 77
71 78
71 192
71 194
72 73
72 77
72 192
72 193
72 196
72 275
73 74
73 77
73 275
74 76
74 77
74 210
74 275
75 78
75 192
75 194
76 259
76 263
76 264
76 275
77 274
77 275
78 162
78 210
79 80
79 81
79 84
79 91
79 206
79 207
80 81
80 84
80 324
80 341
81 82
81 84
81 86
81 207
82 85
83 84
84 86
85 86
87 88
87 123
88 89
88 90
88 123
89 91
89 206
90 91
91 92
91 206
93 94
93 95
93 96
93 97
94 96
94 97
95 97
95 245
96 97
96 144
97 144
97 245
98 99
98 100
98 101
98 102
98 103
98 106
98 107
98 294
98 308
98 317
98 318
99 102
99 103
99 106
99 108
99 109
99 217
99 221
100 102
100 104
100 308
100 318
101 107
101 308
102 103
102 104
102 106
102 107
102 108
102 109
102 294
102 308
102 318
103 106
103 108
103 217
103 219
103 222
103 308
103 318
104 105
104 109
104 127
104 255
104 302
104 308
104 318
104 323
105 109
105 127
105 255
105 302
105 323
108 217
108 219
108 294
108 308
109 255
110 111
110 112
110 113
110 114
110 115
110 251
110 280
111 114
111 115
111 203
111 238
111 251
112 113
112 115
112 346
113 114
113 115
114 115
115 251
116 117
116 121
116 124
116 125
116 126
117 121
117 122
117 124
117 126
117 226
117 233
117 242
118 119
118 123
118 125
118 126
119 120
119 122
119 126
120 122
120 126
121 124
121 226
121 231
121 233
122 126
122 242
123 125
123 126
124 226
124 231
124 233
124 234
125 126
127 254
127 255
127 302
127 306
128 129
128 131
128 132
128 253
128 295
128 307
129 131
129 132
129 253
129 254
129 295
129 297
129 299
129 302
129 307
130 253
130 254
130 255
130 256
131 132
131 297
131 307
131 309
132 253
132 295
132 297
132 307
132 309
133 134
133 136
133 138
133 140
133 141
133 144
134 136
134 138
134 140
134 141
134 142
134 296
134 298
134 300
134 303
134 315
134 318
134 320
135 137
135 138
135 139
135 296
135 298
135 303
135 315
136 140
136 142
137 139
137 143
137 296
137 303
138 139
138 141
138 143
138 144
138 296
138 298
139 143
139 144
139 232
139 296
139 298
139 303
139 315
143 144
143 296
143 298
144 298
145 148
145 150
145 152
145 153
145 259
146 151
146 154
146 155
146 257
146 259
146 266
147 151
147 156
148 152
148 153
149 151
149 156
149 259
149 290
149 327
150 152
150 185
151 152
151 154
151 156
151 257
151 259
151 262
151 268
151 290
153 258
153 259
153 261
154 155
155 266
155 267
155 268
155 269
155 270
156 259
157 158
157 159
157 160
157 163
158 159
158 160
158 161
158 162
158 163
158 198
158 275
158 280
158 290
159 160
159 163
159 179
159 181
160 162
160 236
160 281
161 169
161 198
162 198
164 165
164 167
164 168
165 166
165 167
165 170
165 275
166 167
166 169
166 170
166 197
166 273
166 275
167 169
167 170
167 197
168 169
168 174
169 197
170 193
171 172
171 174
171 175
171 176
171 177
171 218
171 220
171 221
172 173
172 175
172 176
172 177
173 175
173 176
173 177
173 223
174 175
174 176
174 218
175 176
175 177
176 177
176 223
177 220
177 223
178 181
178 182
179 181
179 182
179 183
179 237
180 181
180 182
180 184
181 182
181 184
182 183
182 184
182 280
182 281
183 199
185 287
185 290
186 187
186 188
186 189
186 290
187 276
187 287
187 290
187 327
188 327
189 190
190 290
191 290
191 291
192 194
192 195
192 196
192 197
193 197
193 273
193 274
193 275
194 195
194 198
195 196
195 197
195 198
196 197
197 198
198 275
198 290
199 200
199 201
199 202
199 203
199 238
200 201
200 202
200 203
200 259
200 280
200 295
200 299
200 301
200 305
200 311
200 312
200 314
200 320
200 322
200 324
200 325
200 327
201 202
202 203
202 327
204 205
204 206
205 206
205 207
205 208
206 207
207 208
209 211
209 213
209 214
209 280
209 285
210 211
210 215
210 280
211 216
211 280
211 285
212 214
212 215
212 280
213 214
213 280
213 282
213 283
213 285
213 286
214 215
214 280
216 235
216 280
217 219
217 220
217 221
217 222
218 221
219 220
219 222
220 221
220 222
222 223
224 226
224 227
224 229
224 230
224 233
224 234
224 313
224 316
224 319
224 324
225 227
225 228
225 313
225 316
225 321
225 324
226 227
226 231
226 233
226 234
226 314
226 324
227 228
227 244
227 313
227 321
228 232
228 243
228 244
228 245
228 300
228 313
228 316
228 321
228 324
229 230
229 231
229 234
229 310
230 301
230 309
230 310
230 319
231 234
232 245
232 298
232 300
232 321
233 234
233 242
233 244
233 324
234 324
235 236
235 280
235 281
235 284
236 237
236 280
236 281
237 238
237 239
237 280
237 281
238 239
238 247
238 249
238 251
238 280
238 281
238 284
239 280
239 281
239 284
240 241
240 244
240 246
241 242
241 244
241 246
242 244
243 244
243 245
243 300
244 245
244 246
245 300
247 249
247 250
247 251
247 252
247 280
247 282
247 283
247 284
248 250
248 251
248 252
249 251
249 280
250 251
250 252
250 280
250 282
251 252
251 280
252 280
252 282
253 254
253 295
253 299
254 255
254 256
254 295
254 302
255 256
255 302
257 258
257 259
257 261
257 262
257 265
257 266
257 268
257 290
258 259
258 260
258 261
258 262
258 263
258 265
258 290
259 260
259 261
259 262
259 263
259 264
259 265
259 266
259 268
259 269
259 270
259 271
259 275
259 276
259 280
259 281
259 287
259 288
259 289
259 290
259 295
259 297
259 299
259 301
259 304
259 305
259 306
259 311
259 314
259 315
259 317
259 318
259 320
259 322
259 324
259 326
259 327
259 341
260 261
260 262
260 263
260 264
260 289
260 290
261 262
261 264
261 288
261 290
262 263
262 264
262 265
262 266
262 268
262 275
262 280
262 290
262 327
263 264
263 265
263 268
263 275
263 290
263 327
264 265
264 289
265 266
265 268
265 275
265 280
265 290
265 327
266 268
266 269
267 268
267 269
267 270
267 271
268 269
268 270
268 271
268 275
268 276
268 280
268 281
268 287
268 290
268 326
268 327
268 329
268 330
268 331
268 332
269 270
270 271
270 290
271 275
271 290
271 327
271 332
272 273
272 274
272 275
272 289
272 290
272 291
273 274
273 275
273 290
273 291
273 327
274 275
274 290
275 276
275 280
275 281
275 287
275 289
275 290
275 291
275 314
275 327
276 277
276 278
276 279
276 280
276 287
276 289
276 290
276 292
276 314
276 324
276 326
276 327
277 278
277 279
277 290
277 292
277 327
278 279
278 292
279 290
279 292
279 327
280 281
280 282
280 283
280 284
280 285
280 286
280 287
280 289
280 290
280 295
280 297
280 299
280 300
280 301
280 302
280 303
280 304
280 306
280 307
280 309
280 310
280 311
280 314
280 315
280 317
280 318
280 320
280 322
280 323
280 324
280 327
280 341
281 283
281 284
281 286
281 290
281 295
281 297
281 301
281 307
281 317
281 327
282 283
282 285
282 286
283 284
283 285
283 286
285 286
287 288
287 289
287 290
287 291
287 327
288 289
288 290
289 290
289 291
289 327
290 291
290 292
290 295
290 299
290 301
290 304
290 306
290 311
290 314
290 315
290 320
290 322
290 324
290 326
290 327
292 327
294 302
294 303
294 304
294 306
294 308
294 317
294 318
294 322
294 323
295 297
295 299
295 300
295 301
295 302
295 303
295 304
295 305
295 306
295 307
295 309
295 310
295 311
295 314
295 315
295 316
295 317
295 318
295 320
295 322
295 323
295 324
295 325
295 327
296 298
296 300
296 303
296 314
296 315
296 317
296 320
296 322
297 299
297 300
297 301
297 302
297 303
297 304
297 305
297 306
297 307
297 309
297 310
297 311
297 312
297 314
297 315
297 316
297 317
297 318
297 320
297 322
297 323
297 324
297 325
297 327
298 300
298 303
298 314
298 315
298 316
298 317
298 320
298 321
298 322
298 324
298 327
299 300
299 301
299 302
299 303
299 304
299 305
299 306
299 307
299 311
299 312
299 314
299 315
299 316
299 317
299 319
299 320
299 322
299 323
299 324
299 325
299 327
300 301
300 303
300 304
300 305
300 306
300 309
300 310
300 313
300 314
300 315
300 316
300 317
300 318
300 320
300 321
300 322
300 323
300 324
300 327
301 302
301 304
301 305
301 306
301 307
301 309
301 310
301 311
301 312
301 313
301 314
301 315
301 316
301 317
301 318
301 319
301 320
301 322
301 323
301 324
301 325
301 327
302 303
302 304
302 306
302 307
302 309
302 311
302 314
302 317
302 318
302 320
302 322
302 323
302 324
302 325
303 304
303 306
303 311
303 314
303 315
303 316
303 317
303 318
303 320
303 322
303 323
303 324
303 325
303 327
304 305
304 306
304 311
304 312
304 314
304 315
304 317
304 318
304 320
304 322
304 323
304 324
304 325
304 327
305 306
305 309
305 310
305 311
305 312
305 313
305 314
305 315
305 316
305 317
305 319
305 320
305 322
305 324
305 325
305 327
306 311
306 314
306 315
306 317
306 318
306 320
306 322
306 323
306 324
306 325
306 327
307 309
307 310
307 318
307 325
308 317
308 318
308 322
308 323
309 310
309 314
309 317
309 318
309 324
309 325
309 327
310 312
310 313
310 314
310 316
310 317
310 319
310 320
310 322
310 324
310 325
310 327
311 312
311 314
311 315
311 317
311 318
311 319
311 320
311 322
311 323
311 324
311 325
311 327
312 314
312 319
312 320
312 322
312 324
312 325
312 327
313 314
313 316
313 319
313 320
313 321
313 324
314 315
314 316
314 317
314 319
314 320
314 321
314 322
314 323
314 324
314 325
314 327
315 316
315 317
315 318
315 320
315 322
315 323
315 324
315 325
315 327
316 319
316 320
316 321
316 322
316 324
316 325
316 327
317 318
317 320
317 322
317 323
317 324
317 325
317 327
318 320
318 322
318 323
318 327
319 320
319 322
319 324
319 325
319 327
320 321
320 322
320 323
320 324
320 325
320 327
321 324
322 323
322 324
322 325
322 327
323 324
323 327
324 325
324 327
324 341
325 327
327 341
328 329
328 330
329 330
329 331
329 341
330 331
330 332
331 332
331 333
332 333
334 335
334 336
334 341
334 348
335 336
335 337
335 341
336 337
336 338
336 341
336 342
337 338
337 339
337 341
337 342
337 343
337 347
338 339
338 341
338 342
338 348
339 340
339 341
339 342
340 341
340 342
341 342
341 343
341 345
341 346
341 347
341 348
341 349
342 343
342 347
342 349
343 344
343 345
343 347
343 349
344 346
345 346
345 347
346 347
